2001         -25.1960      -94.0773
2002          -6.9443       60.8659
2003           9.3021       62.4007
2005          79.0605       59.1308
2006          12.4810       37.3720
2007          76.8791       28.9323
2008          11.1227       19.0341
2009          55.8956       14.1632
2010          86.9755       14.3368
2011         101.0204       13.6838
2012         -10.7387       -8.7144
2013          35.0030       -6.8592
2014          77.2341      -10.8843
2015          33.0724      -30.4913
2016          56.7053      -30.3289
2017          10.3672      -59.7328
2018          36.3343      -59.0140
2019          51.9777      -64.2110
2020          80.0891      -60.5609
2021          10.6496      -74.0084
