2001        -100.2410      -96.7344
2002         -85.6009       59.0477
2003         -69.4878       60.9535
2005          -0.4840       59.2612
2006         -66.1827       35.9923
2007          -1.2700       29.0452
2008         -67.0006       17.6167
2009         -21.7414       13.7969
2010           9.0353       14.6780
2011          23.2526       14.3741
2012         -87.4522      -10.6747
2013         -41.9225       -7.7402
2014           0.2230      -10.7791
2015         -42.8568      -31.4585
2016         -19.3739      -30.7359
2017         -65.0972      -61.3393
2018         -39.3311      -59.9864
2019         -23.8240      -64.8425
2020           4.4446      -60.4866
2021         -64.5672      -75.6589